141222321036
302939708282
302939708282
307957122072
305497305659
247568721039
055189423013
347394822080
334172305640
003815104849
335836703141
220324005914
349676726593
359959026515
334284910071
254847808324
254847808324
325615427024
254847808324
003815104849
302939708282
183921217197
302939708282
003815104849
103771007642
336075420329
162041510509
339854007017
143083604024
302939708282
359959026515
334697824021
336811003187
370797726595
335420626512
192173715531
317389905637
313018226656
362913826540
331505226556
319441904636
334153422201
370797726595
002307613232
308221605366
249328226037
136694826551
345523515537
361870926542
336205205150
311170415538
047259404020
313018226656
313018226656
228547824073
320856701111
046543310275
356400415525
313018226656
320856701111
362817726594
033409204026
085968706257
313773905679
139709717160
318167027027
318167027027
033463326654
336767520374
331556726599
352318710203
334153422201
307648406130
209098314088
331556726599
352318710203
304427904829
220117105621
311170415538
311170415538
311170415538
231135405155
317620304624
057618713047
162041510509
312436526554
030021005620
215607626656
362978006080
085969226148
317620304624
002513205788
003761005228
327939104638
135023705925
322986504626
313224805142
011901201296
249400826650
334153422201
305599517160
317620304624
336811003187
308588926509
085969226148
085969226148
011901201296
085968202285
344077808284
344077808284
308588926509
368404404647
085969226148
358845525253
312680614047
312680614047
030021005620
215607626656
218603604630
348238604615
370678001068
319441904636
142384525262
215600426655
363684504611
374148326523
323898607080
348238604615
030021005620
368423405835
215607626656
971229000248
216513210068
010713115014
004440118117
372021026593
253205817071
218603604630
338806026502
243160705674
375333826590
227371313690
217200026568
135750006196
338806026502
107984000210
215607626656
209098314088
372810615523
343154304638
202461604674
368303702288
048819126584
305149715537
085968312019
354487904653
280607580000
308680905384
350703920351
207424601281
375750220335
033409204026
004440118117
336205205150
033614123053
368778404173
033371105621
033409204026
033409204026
362803412155
033409204026
331805916030
306164708304
054511512017
134013212097
033371105621
054731905662
135750006196
362803412155
363071705642
362803412155
033615405912
054102614106
315345405951
316045226051
033610805093
213218722157
030021005620
308410517165
033614705641
033409204026
001312605035
312436526554
215607626656
001315609158
033394503179
361384527039
033409204026
307570726111
141538122102
030021005620
033587025260
361384527039
318026604129
315377012070
308410517165
233590304026
033519116015
317620304624
024511512017
315715926516
308410517165
033409204026
033587025260
033456408061
054248717168
001313026657
033409204026
375077526552
055142913109
033610409158
033409201026
326881404633
001318116330
135873607121
361384527039
033276626652
246013904677
216513210068
086801810281
033610409158
162041510509
325901026512
001317115014
233590304026
001311026657
207572701289
085969226148
001313026657
215059826572
215607626656
001317115014
376904424120
214399224103
308133205398
033409204026
202628604021
033409204026
033409204026
033409204026
085969226148
233590304026
233590304026
001313026657
233590304026
313192414015
317686115426
243309920396
009681610284
233435805036
343839305425
001307019189
322418904657
317318326597
215607626656
215607626656
001317115014
314555826143
085969226148
343707725067
372782413065
340745021037
235761210133
001313026657
033519116015
270808412660
375556106167
353068012364
054511512017
001313026657
336493602289
362913826540
055247116046
322533326599
324000408233
055411208221
321214508249
055411108322
241000262115
233590304026
233590304026
228153325261
011992502284
143339326658
345192824120
001853311268
241535711239
001309208249
232263611232
232263611232
232263611232
232263611232
033610805093
364529704074
314439312019
314439312019
332570805621
239907015470
379029605632
314439312019
314439312019
202628604021
323160201246
256419126011
228153325261
228153325261
233590304026
033582225263
331425611230
033652211237
033652211237
001313026657
239907015470
239907015470
139408516029
001313026657
327939104638
001313026657
320688126582
141963223011
001916705099
001313026657
001315207010
244065801124
314807415475
325798507130
309391705094
054732905662
303974915107
216610226655
325289526549
369338404176
239907015470
138846815442
239907015470
033463326654
001916705099
001947308241
379343205251
228598426584
204709008037
240994226594
000018329489
375052725123
001318116330
379343205251
379343205251
372782413065
239907015470
239907015470
028414005673
321876105627
321876105627
028414005673
028414005673
239907015470
325827805630
162041510509
379343205251
360319120233
314807415475
379343205251
379343205251
379343205251
379343205251
379343205251
350703920351
331044526564
349809926556
371874520332
379343205251
372782413065
372782413065
372782413065
239907015470
224832815468
361099615535
320856701111
379343205251
317648114012
379343205251
318162304666
379343205251
228983226134
347276726537
022260126103
192367421035
342531815518
270808412660
270808412660
270808412660
270808412660
028414005673
321876105627
322533526595
030566016016
233590304026
362578526557
349809926556
379343205251
368787408306
048819126584
342531815518
342531815518
353982505672
323205502071
214887521038
356473126596
313056926105
163229801284
215694026567
364387826542
356473126596
033371105621
353907426518
375531726581
323160201246
320306520301
232431810368
328293226597
356473126596
033409204026
326630626537
322533326599
308410517165
001313026657
322533326599
231135305157
325609404637
328222426506
368778404173
206220710125
339785023017
143083004025
374148326523
143083004025
332122510296
374250703184
143115704661
192996014028
321391612367
237181926546
348328226580
325798507130
352089326590
303105726594
247335326572
249674801059
001698405092
020667404025
001698405092
243160705674
370384826566
243160705674
331805916030
377390426541
033581025260
372810615523
010738204028
373612710163
243160705674
001317115014
001312605035
364387826542
377390426541
001313026657
055247116046
033519116015
324028710363
001314001096
193533910207
216165826596
193533910207
314439312019
314439312019
133499403173
215419826580
001313026657
317648114012
323205912108
321391612367
324278927053
300839614013
313192414015
335969726546
308410517165
033610705095
313192414015
233590304026
213218722157
054498921150
241000262115
378137626550
238554908247
250950505614
054731905662
033561222250
033371105611
233435805036
343839305425
033371105621
230508718056
033652211237
054102614016
057479918286
233590304026
236389718058
033565722257
318319405097
320579404258
141538122102
313192414015
233590304026
317830515338
339566205697
332570805621
054732905662
309391705094
308410517165
053966321032
227675022258
033610705095
033409204026
046543310275
321391612367
003131026657
377390426541
033616717162
033394503179
001306902284
205985310323
001317115014
033614705641
200777226658
033581025260
001698405092
033652211237
250160804035
380501312907
256902410162
311952522098
033413004026
233590304026
313192414015
190278426523
033610805093
001308708243
033617120399
225190816193
033610805093
200777226658
033519116015
311952522098
366391004617
331824012343
001318116330
356364005675
033535019183
203223205095
301091226585
085969614030
378446514027
356364005675
200777226658
383294704105
378137626550
001314001096
033652211237
001309208249
377390426541
033409204026
054511512017
001313026657
232431810368
054248717168
001313026657
001313026657
001313026657
135873607121
308410517165
215607626656
215607626656
087511726582
321214508249
325404204718
233590304026
001313026657
033616717162
137119410062
033519116015
162041510509
162041510509
345192824120
139408516029
001313026657
324000408233
055411208221
055411108322
321214508249
001309208249
001309208249
001309208249
001309208249
371244306039
033583027029
317202626585
215607626656
054511512017
001313026657
054248717168
033524318196
202628604021
085969816326
233590304026
367325809159
379292715216
250479215532
314439312019
314439312019
314439312019
314439312019
001313026657
348767105642
202628604021
326881404633
320827704020
366391004617
325606104661
233590304026
233590304026
233590304026
369589026508
250479215532
312591617150
353570805621
361230122256
332570805621
366391004617
054486107018
303974915107
001315207010
312591617150
083771716322
200910102559
331864705950
312883105424
001307219189
312883105424
312883105424
325609404637
027720220319
362913826540
372213208296
325609404637
033565722257
033652211237
033652211237
238842313045
384092126530
311862715423
001314001096
312883105424
312883105424
001309208249
206220710125
143083604024
001313026657
001313026657
033463326654
001313026657
137120810056
367523024044
194262510273
368868702281
306430404879
238550308268
239794605640
162041510509
361989501117
311862715423
372810615523
353982505672
243160705674
030021005620
343839305425
033371105611
233435805036
017332817163
372134004629
325609404637
033361624126
001314001096
001314001096
328284326562
362645425257
330757004199
247695315540
001698405092
001314001096
243813526553
365980017161
320009326597
033535019183
192996014028
033413104842
308944125166
325609404637
033553521036
373361412166
053966321032
331228620328
326881404633
323977705620
233590304026
388117726559
313192414015
054498921150
320856701111
381622709154
202628604021
233590304026
325606104661
320827704020
326881404633
325609404637
363656204626
313192414015
230508718056
300839614013
233993914014
033371105621
054731905662
307372610071
236389718058
033524318196
233590304026
232431810368
232935118190
033409204026
200777226658
054248717168
233590304026
361433414029
003131026657
315345405951
046543310275
233590304026
233590304026
365980017161
033512015015
320579404258
001314001096
318319405097
054248717168
054248717168
365980017161
033610805093
326881404633
325606104661
320827704020
133023802283
001313026657
033409204026
215607626656
233590304026
313192414015
362659226570
001313026657
054102614016
378446514027
001312605035
053966321032
380538325268
001315207010
374364114046
001306902284
033413004026
192996014028
362570326557
233590304026
162041510509
053966321032
374364114046
192996014028
317648114012
001312605035
001312605035
001312605035
001312605035
310181405097
054102614016
033519116015
380538325268
033413004026
202628604021
004478523011
033409204026
318162304666
233590304026
318026604129
385614916016
033585901093
346741015014
365980017161
033409204026
326881404633
233590304026
033512015015
001317115014
250950505614
033610805093
215600426655
243160705674
385989104632
033409204026
033611305198
332570805621
001313026657
362659226570
030021005620
033614705641
190930304667
001313026657
003810525138
033371105611
383103705662
233435805036
001314001096
001313026657
205780710360
322986504626
033581025260
001314001096
054511512017
385050213250
001307219189
385050213250
085969816326
238013709155
246013904677
017332817163
331824012343
135873607121
001309208249
366391004617
321214508249
205780710360
033409204026
311221208298
001306902284
364891004018
055247116046
033519116015
033517316034
387277426592
001317115014
382630505626
228153325261
053966321032
331268402280
362570326557
054731905662
001313026657
054511512017
215600426655
383103705662
233435805036
033371105611
215607626656
215600426655
331864705950
325609404637
312883105424
312883105424
054486107018
244471804626
372765604646
244344904623
379292715216
314439312019
314439312019
314439312019
314439312019
372765604646
372765604646
372765604646
372765604646
244344904623
331864705950
244344904623
256822016056
033380316016
139408516029
215600426655
233993914014
087511726582
312883105424
244344904623
372765604646
244344904623
054511512017
215600426655
361230122256
001313026657
320688126582
230508718056
369589026508
383632108296
317202626585
054072915314
312883105424
019807625261
001312605035
001315609158
332570805621
134331304635
347455303086
001313026657
228303625139
019807625261
139946417148
019807625261
054511512017
317202626585
385011613198
250160804035
082960925269
381296126506
054498921150
363853926553
192996014028
374364114046
233590304026
250950505614
253941126547
233590304026
242352345235
242352345235
054486107018
313192414015
326881404633
233590304026
331268402280
054486107018
233590304026
376352426558
340126518191
232431810368
233590304026
218771304636
215600426655
202628604021
033425704038
365980017161
233590304026
033581025260
242352345235
378047325268
053966321032
242352345235
054248717168
394734226541
365980017161
001315207010
001318116330
215607626656
033457108246
359865704633
327045926510
233590304026
230508718056
033409204026
001315609158
054523133295
321214508249
392538913076
026497007094
236389718058
053966321032
233590304026
325606104661
320827704020
326881404633
033409204026
244471804626
242352345235
386937214038
SK2020527410
374595720316
082960925269
347959626593
331824012343
033409204026
371802520290
001318116330
053966321032
233590304026
327045926510
083771716322
010599013025
313192414015
300839614013
033652211237
054248717168
321268402280
233590304026
369962205812
033519116015
001318116330
001306902284
033409204026
369627304637
233590304026
242352345235
387277426592
243813526553
242352345235
205780710360
033457108246
386937214038
233993914014
054102614016
215600426655
001313026657
321214508249
033409204026
233590304026
213218722157
001309208249
243160705674
372285110137
026497007094
232431810368
233590304026
200788826120
321417918094
