323612967
300122020
012733071
030884849
205732570
222807708
327643361
340166050
290527809
201999156
132793717
356696643
344548746
238217407
251203696
313800783
036107510
359359808
284681195
034202067
310742242
292309785
198871558
348710262
829251546
330066989
274770407
308900009
237240611
323711208
311733861
318751259
211137513
346266792
326689908
218210043
HRB560405
212404059
237717551
208550715
198570747
054011754
318162695
302351077
228868348
302751621
888245278
198871558
060404676
054011754
286171509
339969597
191900231
333305069
262906661
318162695
245540267
054511090
033621152
171520844
434504630
303597992
138480610
354880139
401410815
318162695
290722104
269020157
017552498
310091239
318162695
308391657
036107510
254509876
211701201
332604437
208704300
210112154
314130276
335599737
231177908
054011754
338192264
354133335
142805569
318162235
054116857
321568905
026601728
306742887
003341598
205732570
354300916
354300916
060404676
351151676
357255887
292309785
325523630
250579688
301932036
742611781
308391657
013744381
045527767
301777378
322947565
204514755
361244738
314130276
300662596
017557260
318888210
319007861
355117766
334822634
321229059
337376595
311111009
345543888
217881247
162293139
352870152
310252287
301773378
334497319
212653117
257611515
143077645
333517188
241435572
318162357
333796153
363510767
313872191
324890921
200601721
210112154
582386539
339329931
363510040
203806311
135030138
321494228
308909232
363510040
300968823
363510040
325641912
348935742
000692831
323938877
241081106
053900336
355145224
335599737
001656669
326689908
350325570
363510040
235001952
286920775
212525227
363510767
143124300
363510767
010566273
350325570
114884066
229665117
055141498
281360867
355145224
229665117
294940112
300968823
365145530
318662978
308909232
142475566
012734151
304001047
313872191
313872191
320112810
000130872
345543888
343361700
058087035
363522237
246660244
205732570
257611515
216809915
313712255
330287744
143170083
190132149
320184401
587437299
313281299
332982211
344640562
307570727
333305069
331005459
306446553
230818552
313872191
321494228
227554395
284912094
002005618
345543888
309461240
323545597
306446553
307570727
366521164
203009194
171520844
204514755
191477828
222475206
355596366
001656669
313455733
336110760
308900009
254645114
351233112
210112154
323449901
325523630
284912094
226110503
326539341
336110760
316283399
334484163
100050321
300968823
325990052
210921933
226110503
309461240
333517188
243347487
347364047
312452657
202982179
191071789
310742242
060404676
332365436
214505349
347364047
302751621
329522208
310742242
237821780
220060445
313187857
318044330
345695504
033313112
383744059
254010656
363510767
311733861
205732570
363690560
322947565
214751103
294940112
170942513
198570747
312633737
294940112
433916646
210921733
220804717
284912094
307570727
002200434
362733281
008463346
216642228
307570727
369154616
347234784
060404676
229300225
228680772
060404676
322947565
315898801
276607379
080215600
033313112
300027970
250579688
301932036
310742242
318044330
332982211
227884491
239990703
284912094
026601728
347895300
363510767
280311437
311111009
310742242
361004619
243380909
290722104
269020157
143124300
701056327
355285139
205732570
300122020
303998035
322947565
363510767
322947565
339662898
001656669
136217327
331113488
369997409
331113488
310742242
318888210
319311024
365772524
366942216
306472269
281360867
316606239
239907003
026480876
325523630
287206339
286681130
333517188
208704300
251359842
332210799
235228853
363510767
310091889
355285139
262507156
201381135
190289127
315343348
205732570
325990052
143111844
322180007
190132149
001352738
138195345
321643699
361112316
034495580
135582630
163240070
302657154
251808543
353199911
110704784
769103350
325990052
228671816
348328202
033313112
026447763
322180007
332650734
318882978
329177098
352536736
010374944
328306853
235811034
329421163
344072945
330049095
014562562
370410021
302657154
242449626
183451155
364116850
310091889
253171123
243302080
315500927
369833224
040014097
315343348
002204434
320705877
310740993
224736090
228671816
225571396
331113488
319114101
248233261
313011827
224736090
314970776
245141146
369833224
262214613
004122872
142314523
289113543
217986581
370051443
315722051
000065672
316283399
620666184
332200205
300036167
348373685
257604556
100283075
223785549
020711151
259270994
244100198
025668199
025668182
328284098
328306853
328306853
320705877
244100198
306446553
324298030
021370045
317605185
368561481
FN270684s
004012135
179655726
271023086
271023086
182633533
033332033
295512259
313226684
310742242
300036167
323717551
355285139
327223535
019754420
132999199
368561481
311733861
217986581
006319026
333743331
333743331
211308999
366693415
322298061
100277120
368448509
345630083
334528410
314431811
331552084
348393344
247614103
216508362
350311797
203760613
033442184
361457163
192011858
342282845
363510767
001107992
313011827
313011827
208271512
343532185
320457828
322298061
135552022
327086408
318011260
001130850
300497726
363510767
204005535
255293397
333743331
206019777
204922764
350011039
277819723
303064494
310029407
179655726
348373685
343532185
343532185
304001047
302708091
311111009
322248136
320112810
033522432
348373685
204206221
257213042
323963573
004444576
344072945
305596927
211308999
247411764
247411764
335744251
261001733
012272077
355285139
216500786
224800875
055838165
060404676
311111009
344690041
325523630
312638008
305030460
355285139
351988332
307570727
355285139
004444932
340482506
355285139
348373685
297562373
177002990
222170872
325523630
282619995
306821459
313635749
355285139
001107992
201414971
305011939
307570727
313421565
307570727
402501001
340343835
254351668
303954503
227846110
462919533
220960877
362420331
322448333
226980581
330114496
247411764
307570727
307570727
201312401
134828975
363510767
351988332
335353855
361147534
371501032
312452657
301104996
361147534
235310065
360502234
307570727
371511068
302708091
060404676
320856775
271302364
060404676
307570727
221788744
348373685
055838165
348373685
216770779
222486657
307570727
306467318
247411764
203009194
317608832
331552073
031113489
307570727
221510262
216653382
303954503
276607379
322947565
288508959
369995360
307570727
204016657
302084834
318401334
019095663
348373685
230222484
204206221
015534416
015534416
269314081
215431199
004444932
363510767
215431199
482416519
136598500
311111009
354141124
279316742
307570727
552021388
336336791
440315539
335690027
307570727
054876792
146305745
190722746
233318377
322947565
613929571
354185446
354185446
354141124
319125419
319125419
305596927
355285139
217986581
332085677
228201200
224122185
367055650
113796609
215505980
236617816
211308999
332958864
236617816
347895300
340343835
236617816
236617816
201681885
319113519
162864411
135486879
354141124
269028137
263221938
336811003
254129044
371215153
310335223
239851247
055099858
831646518
135552022
333947114
372022693
215600045
323522853
192132275
371501032
135608594
360478813
334528410
355285139
371501032
232851616
333947114
504501001
359555547
228680772
077732933
011116259
322180007
122241154
235452490
550601001
241804283
247411764
369249445
420329073
514191923
221796581
010406047
203009194
360478134
303954503
374402435
365509740
774487001
372782249
373347835
333820987
184750483
281781181
301777378
042354137
351109449
238554495
306504415
644750001
241602636
348328202
215600045
363510767
774487001
244521778
054327965
100092616
205732570
322310496
293002697
387423429
371510010
336312645
997850001
310002625
310742242
997850001
350701134
997850001
355088149
312633737
322310496
194069269
318011260
293002697
224046614
514191923
330756700
210009123
344072945
613929571
354007761
207130552
340055981
308588892
781001001
351748848
362604445
Z25031902
434501001
321270030
217488820
773863001
258251849
355285139
512535360
140601129
277211675
221891175
204016657
018817706
339293358
514191923
970519521
514191923
514191923
363993535
253941127
351748848
235355442
213238888
373483110
372213237
165047048
311117042
235355442
217488820
069449739
320009888
085588961
369249445
272101669
369249445
310002625
200499451
305721481
355278842
514191923
224046614
314114444
219521182
219521182
255410513
140731323
045527767
370031664
347895300
140601129
224046614
363510767
181200590
325103132
363510767
514191923
322224427
363510767
351748848
303112857
332620385
509950001
135552022
304483036
514191923
238554495
368444859
205025569
304001047
285804675
514191923
293002697
216770779
055838165
774850001
200078889
267637615
133998945
369335207
332085677
308606008
348373685
261706335
337082292
236753683
357594556
514191923
060404676
024473139
514191923
351748848
323550413
353199911
201414971
310335223
360461233
025010592
337082292
190704925
318711926
194069269
004122872
344072945
329601114
239981347
237855495
369249445
514191923
204005505
280100478
313050135
337082292
225408837
514191923
371501032
204016657
233318377
273188070
163240070
264950946
305636458
371611153
190218576
244221775
514191923
191592534
355285139
313343010
133391120
303064494
224557496
504501001
004122872
149704821
355117766
267651154
265112998
243700710
369249445
040000258
504501001
325901106
970011679
362191384
347776960
887107473
331349738
011899979
663820413
514191923
322297434
054511150
320338467
198871558
298601375
359555547
216770779
294205468
337082292
339912999
033582994
352773448
363422975
139241137
033358104
033358104
309768732
143360570
370337743
514191923
349021185
136988692
514191923
214360625
033409920
146305745
033357671
349021185
009689167
320291254
322297434
054158852
302111308
325901106
514191923
276204119
318701256
514191923
355278842
370294991
333887459
101189910
033351208
301091292
046543336
248709282
309768732
310029407
046543336
504501001
105473192
001311819
322844148
033161678
355887414
175329653
323734213
327041149
279131000
306105609
362227223
514191923
046543336
046543336
773863001
101189910
250099229
332557089
344711092
046543336
046543336
773863001
001331268
348745004
344711092
514191923
046543336
220486622
276607379
362227223
308625060
033558222
203009194
033337119
510910300
001131587
033337119
178616124
338038888
331319242
001330926
220486622
770801001
250916249
001319654
300907939
033357671
033357671
033357357
303255391
303255391
303255391
247888683
337839572
001317134
033337007
021132266
224046614
033760279
055064660
303255391
019773346
033661715
303255391
303255391
054511150
359368333
247888683
303255391
303255391
001319549
247888683
228000735
313421565
355581061
273188070
200777720
208277575
003769975
003344556
003344332
033522432
347776960
332242174
033661715
231443937
335803413
001311305
045255353
354137497
335826987
355547719
033441305
355547719
285508237
205515587
315577119
351079602
033565771
336008025
261419388
170942513
179655726
363422975
033361661
HRB560405
241535576
200077720
134828975
354137497
322248136
001319154
261419388
033353503
662003557
354137497
033558357
293002697
348745004
303255391
320183333
262700981
356336927
100312737
226477877
241025021
003338030
357594556
518031019
003131305
001300694
033357671
132995660
235172143
266816907
518031019
232263262
293002697
003346058
355121176
343672262
001306904
356336927
770801001
232431808
337537522
354185446
304001047
332557089
247888683
201414971
003131305
033571166
045527767
021560766
525350001
219822107
033519112
033446704
002044783
033353503
770801001
371215153
001319654
033409920
332557089
033499039
371215153
055411114
054102636
204016657
236617816
100312094
320084435
371215153
054876792
001309626
301104996
314443937
215431199
033353503
221010001
141446210
203443937
348373685
220616482
060404676
000131268
033353503
003346331
233993963
367230422
241041112
356336927
100339078
354185446
093302607
019773346
288508959
033524432
321139161
211003419
314443937
033585593
033582274
269314081
348576045
001192220
347895300
368006112
024607988
236617816
518031019
001313305
372980870
326444694
021424554
372980870
055511001
320855677
352847411
347776960
033581104
440315539
032704056
207429005
032704056
348373685
236617816
236617816
236617816
348373685
343532185
314443937
003346331
358529984
781001001
318711157
518031019
365772524
100335247
347895300
280070691
348373685
257664193
230222484
204206221
214360625
325103132
001311268
514191923
369249445
348373685
100339078
100339078
003327664
434501001
033337119
055247113
347776960
362728859
035640045
348373685
033610446
022020055
279330982
181125516
817380159
927178890
351224341
001314000
194306259
221891175
819731109
514663988
000131954
100336897
054448610
314970076
218061972
200077720
091267838
331296770
323655436
261877763
350171334
148241659
148241659
033611046
033087675
190615971
217622054
206015469
001313005
518031019
086752275
332085677
001311819
148241659
375377674
514191923
135023370
368498841
000444932
001300777
230395542
239470399
518031019
228201200
221208202
318352866
101272822
190964126
433803012
332139161
100349481
235842562
247609172
229697470
040014097
054102636
332139161
204016657
292616764
331296770
201882268
005500144
339515987
011848335
310742242
308390031
237046141
254811863
067731414
774850001
331820598
032704056
086752275
191162254
033345716
241025021
700069297
374667251
514191923
100227975
773863001
514191923
033227664
269010132
032704056
032704056
352421100
302084834
032704056
238855495
831646518
331998834
267651154
150567508
190218576
500302200
552016834
215059826
331040677
863509774
280100478
001331268
280100478
199840940
280100478
001314000
100233156
377558741
730350001
319311024
264668522
226762057
264668522
033585891
773863001
100308598
100326852
003332470
376004038
276607379
285508237
B84528553
100523655
376680091
285508237
370294991
511396046
387627656
200028388
100316080
336200957
137760050
100335073
518031019
302484470
033680162
504501001
100045181
346878793
100335073
318011260
231035566
347776960
235409635
238855495
376680091
287500613
290770919
330928215
290770919
001311713
511396046
100261181
035585917
033582274
773863001
216707779
780401001
336335440
351748848
299511159
363422975
327498881
371501032
514191923
304001047
316265517
773863001
811729384
369249445
514191923
325332714
831646518
344750296
247631367
204016657
292616764
204016657
204016657
355285139
001319154
314390731
060404676
286309528
299511159
299511159
261530097
247631367
247631367
355285139
314390731
518031019
001314000
235409635
238855495
371501032
514191923
514191923
033345716
014228332
314390731
004115451
213920224
347776960
219560589
100096966
200013573
299511159
219560589
030420217
351748848
514191923
220486622
313050135
351748848
514191923
434501001
299511159
351748848
511396046
245310202
100295548
299511159
024136939
263867770
325388867
299511159
219560589
514191923
221208202
033337119
003344332
317648169
251991155
318011260
315591707
351748848
001131469
130923107
315722294
514191923
518031019
300833966
263867770
315722294
162287311
287500613
303954503
222644502
226414651
100308598
351748848
003342573
137958892
331482401
348373685
514191923
100340166
377098034
301091292
351748848
240047779
368335001
365085403
232431808
277161418
100295548
512432915
100335247
338686441
317293941
303349039
303349039
315343348
263867770
000993403
201188336
046454336
369456360
001319549
518031019
332570089
204206221
230222484
331780598
228900074
264299244
001311400
357582985
326424660
331296770
230275526
263867770
001319549
353520000
260041275
033271121
033489117
021424554
001306904
355285139
233206570
347776960
100033156
260041275
001315298
260041275
024276712
332777831
001314000
332242174
302877445
260041275
347776960
260041275
260041275
260041275
347776960
033337119
233855098
001131400
001311512
322546584
307198263
335964656
003358593
001315295
001315929
227677506
324402870
033661715
033337007
234871927
205780072
205780754
219560589
200054757
033161678
206140877
001192220
352226817
033661715
200018939
100336897
343673651
232431808
033400920
170942513
303349039
817380159
001317134
000131954
033353503
005541120
203443937
100330782
033357671
355121176
367230422
055247113
100312737
303255391
348373685
317660074
325604942
033353503
294940112
100340549
100340549
100340549
314439387
003361715
220486622
324838348
033581104
000993403
365910052
230415158
100321346
269314081
303255391
248000573
033519112
241041112
379790025
303255391
003361715
100312737
310029407
311904300
518031019
221510262
100319654
003811580
140853085
211003419
327738586
033585593
226477877
320183333
001314000
033353503
337600279
054722525
356336927
232226362
011848335
100335247
001301915
001131819
347776960
223505736
330802609
314099702
003361075
100103346
200777720
518031019
307570727
271302364
133302197
271302364
257664193
201312401
001186030
302251215
223505736
001131469
100340962
003348117
033352432
327246756
001131305
322924489
203408851
033345716
140853085
316533220
200039637
202422171
325609402
288508959
214738882
140853085
307570727
325523630
035450817
230222484
204206221
380224274
100120681
100120681
302484470
140853085
224800875
100270160
001319545
132995660
201414971
831646518
214738882
230509640
114037610
033228008
033585993
382465532
100249078
245580089
142311737
351748848
100335247
100088866
001111111
817380159
100088866
300997048
054710881
200049416
100044115
200066941
223243188
033357357
100340166
236617816
215600045
221005185
382465532
351748848
351748848
351748848
382465532
050400856
930117961
637474578
100335442
024979915
033440655
100330893
345582572
222424052
345195280
312995514
379645485
347776960
165047048
100349481
143124300
100018025
100096966
200013573
301777378
100076926
250055636
232431808
200016523
100326322
100328588
344750296
003336166
140853085
230415158
100321768
518031019
363422975
000000000
140853085
100325865
518031019
384242287
220043004
351748848
210616678
333667415
363043355
261914636
100266816
100308598
229399491
143257579
514191923
200043675
001319549
247631367
330101141
514191923
373776217
000023136
830035450
366257034
218577762
381989665
001312268
384641483
384641483
010566273
343445528
440315539
140853085
255563588
200044595
336177394
200044595
140853085
373776217
254112570
019776358
241281151
373776217
234495820
514191923
207744040
630186729
372022693
136664090
303255391
229466976
343445528
248653331
136988692
535109979
200066941
307570727
307570727
354185446
307570727
253702037
307570727
307570727
047722078
307570727
307570727
354185446
001319549
100335442
047722078
248653331
307570727
811729384
347776960
307570727
307570727
006699773
307570727
307570727
033337119
701314826
047722078
514191923
307570727
347776960
219560589
219560589
307570727
001300777
307570727
514191923
514191923
307570727
219560589
200037736
003344332
307570727
307570727
307570727
219560589
200313961
514191923
219560589
315562663
307570727
033337119
100350032
100335442
001131819
207744040
514191923
307570727
046543336
200041903
100308598
318162235
229277045
054410263
019774033
248000573
318116235
001311819
772401001
003131305
514191923
100335442
518031019
001300777
001315298
158106216
163322987
200094670
200042625
100062801
003361075
203408851
201188336
299511159
033661135
033337119
299511159
302070795
822546978
228000735
223367769
033443326
299511159
299511159
197792372
310029407
046543336
021424554
033661721
307570727
324094115
331319242
384498888
033351912
384498888
033655222
307570727
269314081
310181149
217490067
003361715
003361715
307570727
347776960
033558593
022619412
330442560
352226817
351748848
000131268
001131819
331182401
203169975
003336166
307570727
001311268
386169666
233206570
033366701
033661715
001311819
033661715
201414971
003358593
200122959
033585593
355121176
325538783
324648727
324601394
662003557
299511159
300632359
232431188
001300777
033338649
325538783
235172143
514191923
019512776
347776960
033571474
100044115
001311819
280070691
033357168
250916249
220486622
286001783
387377679
100335442
100342081
214738882
033571474
001311268
026029024
317660074
347776960
033646058
019512776
311904300
033585891
307570727
100335247
205780072
033519112
001130760
307570727
226477877
228915333
033353503
320183333
200054757
215600045
307570727
033228008
003338030
003348123
100321346
100249078
307570727
055247113
033357168
000131954
046543336
033446704
331182401
100295548
330417953
307570727
033611678
307570727
367230422
247471958
100082993
307570727
307570727
303255391
033576741
381989665
257664193
054876792
321987822
003336166
003344071
100082993
100295548
303255391
100002899
312188314
312188314
312188314
312188314
312188314
312188314
312188314
312188314
312188314
312188314
312188314
312188314
312188314
312188314
312188314
221005185
008463346
253335474
100002899
288508959
200777720
001131305
312188314
312188314
312188314
100335247
312188314
001311268
003355353
312188314
312188314
100062801
200042625
100350032
373750825
200155779
100335247
312188314
312188314
229277045
100342081
383034459
307570727
336476658
307570727
303225391
100340962
351748848
307570727
003131305
303255391
001311205
307570727
200019335
355810821
307570727
100342081
319311024
265340918
303225391
351748848
351748848
307570727
100333208
100120681
100120681
351748848
307570727
333698892
379558115
033227664
247631367
200016523
140376110
200079742
054331667
163330009
100335442
163330009
325609442
021337045
518031019
247631367
000159491
163330009
163330009
193651638
374008833
019774033
100295015
076220094
299511159
274419417
299511159
347776960
100323141
159110827
351748848
100340962
318075245
299511159
299511159
299511159
200039637
033499039
001311529
033524432
225346343
100096966
200020302
200010467
100018025
054876792
200119067
143072529
033351912
100295015
243003952
140853085
100344027
207420105
011900043
255563588
347776960
440315539
220486622
021424554
215600045
200120369
200120369
200079843
387277744
125145412
023456784
222815333
003341305
175002024
337941929
303954503
365998008
313119242
200079843
746710339
320827770
257171118
143072529
200120369
216500786
346326498
319807629
307173038
363000299
518031019
259778888
046543336
126027550
003341316
518031019
300548149
100321768
291912173
154167210
238141872
001310926
371001750
033571474
100308598
100266816
100306793
033425573
216442228
237689734
035585917
313350722
362227223
079117635
054486610
233343582
200119067
247631367
100273429
336607970
216442228
139710765
033421907
100325865
001311713
003344071
233590034
046543336
241523576
011900043
033519112
033571168
385598104
303954503
035585917
325935913
033351912
320183333
332769148
200139555
518031019
286871817
200048519
023226362
355285139
374964587
143072529
201631515
011900043
333391135
378082014
140853085
021424554
374584404
033555353
215600045
385630717
100327512
371124432
001131305
001131305
228815333
003345716
035822422
019774033
142311737
033571474
200113320
265914974
011189979
347776960
821043614
255207877
200048519
033425573
298222227
245571799
313119242
200120369
200048519
100270160
100045261
200135105
011900043
338360935
338360935
368779279
100335442
249030337
143072529
179019370
100295015
140853085
033338649
238141872
518031019
363000299
105401541
319807629
243003952
235355206
331226849
033551912
100329729
205078072
000131305
140853085
518031019
190475637
365998008
001131305
